1.196855 0.690407 0.002510
1.009558 0.773393 0.002112
1.183323 0.696456 0.002463
1.163866 0.705074 0.002421
1.186693 0.695030 0.002447
1.186693 0.695030 0.002447
1.161405 0.706233 0.002394
1.075114 0.744447 0.002216
1.179607 0.698205 0.002419
1.053917 0.753846 0.002169
0.927735 0.809714 0.001913
0.948765 0.800405 0.001954
1.076910 0.743684 0.002208
1.076910 0.743684 0.002208
1.219594 0.680530 0.002491
1.089628 0.738062 0.002231
1.219652 0.680538 0.002479
1.219652 0.680538 0.002479
1.210930 0.684402 0.002460
1.186154 0.695370 0.002411
1.172291 0.701509 0.002382
1.171424 0.701924 0.002369
0.913224 0.816210 0.001856
1.038312 0.760859 0.002100
1.038312 0.760859 0.002100
0.910689 0.817347 0.001847
1.107228 0.730358 0.002235
1.178616 0.698766 0.002375
1.178616 0.698766 0.002375
1.073682 0.745210 0.002168
1.087507 0.739095 0.002193
1.113400 0.727642 0.002242
1.193788 0.692086 0.002393
0.916463 0.814817 0.001848
1.107593 0.730235 0.002223
1.107593 0.730235 0.002223
0.922398 0.812202 0.001855
1.246471 0.668799 0.002488
1.125862 0.722168 0.002252
0.930508 0.808621 0.001869
1.048045 0.756610 0.002098
0.916370 0.814881 0.001839
0.935494 0.806428 0.001875
1.217364 0.681687 0.002427
1.217364 0.681687 0.002427
0.905772 0.819589 0.001813
1.125867 0.722192 0.002243
1.131849 0.719551 0.002252
1.128282 0.721157 0.002236
1.039940 0.760255 0.002061
0.921706 0.812585 0.001827
0.903315 0.820735 0.001785
0.919684 0.813501 0.001815
1.078406 0.743284 0.002119
0.943047 0.803178 0.001855
1.190744 0.693600 0.002328
0.947438 0.801253 0.001857
0.931672 0.808230 0.001826
1.328142 0.632866 0.002582
1.328142 0.632866 0.002582
1.261681 0.662251 0.002454
0.924731 0.811313 0.001808
0.945990 0.801913 0.001847
0.953939 0.798402 0.001861
1.241480 0.671215 0.002406
1.241480 0.671215 0.002406
1.232008 0.675411 0.002385
1.147598 0.712764 0.002219
0.941515 0.803927 0.001827
0.908227 0.818652 0.001762
0.931906 0.808178 0.001808
0.946985 0.801513 0.001835
0.987781 0.783470 0.001912
1.298206 0.646173 0.002497
0.968433 0.792030 0.001873
0.913973 0.816127 0.001767
1.167764 0.703868 0.002249
0.923645 0.811851 0.001785
1.255793 0.664954 0.002408
0.988230 0.783307 0.001899
1.112942 0.728149 0.002133
1.151582 0.711066 0.002205
0.912500 0.816814 0.001752
0.942598 0.803501 0.001809
1.175865 0.700333 0.002248
1.175865 0.700333 0.002248
0.976580 0.788472 0.001873
1.266496 0.660263 0.002414
1.291160 0.649359 0.002459
1.282322 0.653272 0.002442
0.918818 0.814040 0.001756
1.025395 0.766911 0.001954
1.282896 0.653042 0.002434
0.949899 0.800306 0.001810
1.268374 0.659478 0.002402
1.160134 0.707339 0.002200
1.275827 0.656186 0.002413
0.970283 0.791325 0.001838
0.925564 0.811100 0.001753
1.164835 0.705292 0.002198
1.023875 0.767621 0.001937
1.214113 0.683504 0.002289
0.945599 0.802247 0.001788
1.201561 0.689063 0.002262
1.269249 0.659139 0.002386
0.968640 0.792062 0.001830
0.968640 0.792062 0.001830
1.001520 0.777520 0.001891
1.001520 0.777520 0.001891
1.280766 0.654059 0.002404
1.280766 0.654059 0.002404
1.163627 0.705860 0.002184
0.942519 0.803627 0.001775
1.201707 0.689041 0.002248
1.164817 0.705355 0.002178
1.286604 0.651514 0.002401
0.934690 0.807110 0.001753
1.227514 0.677643 0.002290
0.984939 0.784897 0.001845
0.984939 0.784897 0.001845
1.153618 0.710318 0.002154
1.177033 0.699966 0.002197
0.988434 0.783359 0.001849
0.958609 0.796546 0.001793
1.162724 0.706302 0.002167
0.953909 0.798638 0.001779
1.221014 0.680549 0.002267
1.209693 0.685579 0.002238
0.997751 0.779284 0.001850
0.978400 0.787842 0.001813
0.988244 0.783491 0.001831
1.378441 0.611009 0.002538
1.189963 0.694328 0.002193
0.970851 0.791202 0.001791
0.986717 0.784191 0.001819
0.986717 0.784191 0.001819
0.993429 0.781229 0.001829
1.130511 0.720648 0.002071
1.273928 0.657268 0.002325
1.288512 0.650826 0.002351
0.957104 0.797317 0.001752
0.996979 0.779694 0.001823
0.970016 0.791612 0.001774
0.976520 0.788738 0.001786
1.396322 0.603199 0.002540
0.961051 0.795577 0.001757
1.246654 0.669346 0.002271
1.246654 0.669346 0.002271
1.012146 0.773000 0.001847
0.997296 0.779566 0.001819
1.315194 0.639062 0.002388
1.315194 0.639062 0.002388
1.004079 0.776568 0.001831
1.281013 0.654171 0.002326
0.980841 0.786860 0.001782
1.016054 0.771308 0.001842
1.296319 0.647443 0.002340
1.296319 0.647443 0.002340
0.966300 0.793291 0.001753
1.391785 0.605262 0.002513
1.309287 0.641714 0.002363
1.296018 0.647581 0.002339
0.964782 0.793978 0.001746
1.234428 0.674813 0.002223
1.318019 0.637871 0.002373
1.318019 0.637871 0.002373
1.314630 0.639383 0.002362
1.314630 0.639383 0.002362
1.005763 0.775900 0.001806
1.009855 0.774093 0.001813
1.170077 0.703290 0.002096
0.975510 0.789278 0.001749
1.346787 0.625216 0.002404
1.346787 0.625216 0.002404
0.995714 0.780359 0.001782
1.030163 0.765137 0.001843
1.295310 0.647972 0.002309
1.295310 0.647972 0.002309
0.984732 0.785222 0.001759
0.989617 0.783068 0.001766
1.240243 0.672328 0.002204
1.269207 0.659532 0.002254
1.269207 0.659532 0.002254
1.010014 0.774065 0.001798
0.984987 0.785143 0.001747
1.039246 0.761171 0.001841
1.039804 0.760926 0.001842
1.345606 0.625816 0.002374
0.999729 0.778637 0.001770
1.317969 0.638025 0.002325
1.244582 0.670469 0.002190
1.052369 0.755403 0.001853
1.277561 0.655915 0.002243
1.007104 0.775411 0.001771
1.045607 0.758405 0.001836
1.260703 0.663379 0.002207
1.260703 0.663379 0.002207
1.013851 0.772445 0.001777
1.198955 0.690666 0.002098
1.332411 0.631711 0.002328
1.332411 0.631711 0.002328
1.004706 0.776492 0.001758
0.995414 0.780599 0.001741
1.055737 0.753954 0.001845
1.023501 0.768200 0.001787
1.038613 0.761526 0.001812
1.050025 0.756492 0.001829
1.050025 0.756492 0.001829
1.303316 0.644607 0.002262
1.013906 0.772460 0.001762
1.341219 0.627868 0.002325
1.025924 0.767151 0.001783
1.309858 0.641730 0.002269
1.357400 0.620734 0.002348
1.358338 0.620324 0.002349
1.358338 0.620324 0.002349
1.381495 0.610097 0.002388
1.381495 0.610097 0.002388
1.352616 0.622865 0.002335
1.066601 0.749205 0.001845
1.365353 0.617240 0.002356
1.365353 0.617240 0.002356
1.044947 0.758773 0.001807
1.449096 0.580266 0.002495
1.362029 0.618722 0.002345
1.053853 0.754856 0.001816
1.049970 0.756583 0.001804
1.370517 0.615001 0.002350
1.014553 0.772227 0.001743
1.052069 0.755660 0.001807
1.064494 0.750176 0.001827
1.058621 0.752773 0.001816
1.224110 0.679678 0.002097
1.077037 0.744650 0.001842
1.077127 0.744611 0.001842
1.305699 0.643664 0.002227
1.086482 0.740495 0.001853
1.285935 0.652398 0.002190
1.347768 0.625130 0.002284
1.227595 0.678199 0.002080
1.058413 0.752937 0.001788
1.164673 0.706014 0.001966
1.175617 0.701187 0.001981
1.101647 0.733856 0.001856
1.312777 0.640629 0.002206
1.184521 0.697277 0.001989
1.238110 0.673630 0.002071
1.158607 0.708737 0.001938
1.407708 0.598767 0.002345
1.465876 0.573095 0.002438
1.465876 0.573095 0.002438
1.334748 0.630992 0.002219
1.196275 0.692133 0.001991
1.360180 0.619767 0.002260
1.388053 0.607460 0.002306
1.164653 0.706102 0.001936
1.170326 0.703605 0.001943
1.360075 0.619841 0.002250
1.328903 0.633608 0.002197
1.125825 0.723271 0.001863
1.106262 0.731908 0.001831
1.349004 0.624738 0.002229
1.337286 0.629914 0.002209
1.337286 0.629914 0.002209
1.357454 0.621019 0.002239
1.116462 0.727415 0.001844
1.504675 0.556034 0.002478
1.387468 0.607775 0.002285
1.167872 0.704722 0.001925
1.195176 0.692674 0.001967
1.370650 0.615221 0.002251
1.438204 0.585407 0.002358
1.438204 0.585407 0.002358
1.335808 0.630614 0.002189
1.362177 0.618978 0.002231
1.140560 0.716814 0.001869
1.345756 0.626233 0.002202
1.345756 0.626233 0.002202
1.413623 0.596283 0.002309
1.413623 0.596283 0.002309
1.252605 0.667366 0.002046
1.359807 0.620046 0.002218
1.390411 0.606541 0.002267
1.400283 0.602188 0.002281
1.169288 0.704156 0.001907
1.161597 0.707559 0.001893
1.088995 0.739612 0.001771
1.350954 0.623987 0.002193
1.350954 0.623987 0.002193
1.364899 0.617849 0.002209
1.155874 0.710112 0.001872
1.182449 0.698397 0.001912
1.272235 0.658780 0.002049
1.153844 0.711043 0.001857
1.318194 0.638513 0.002116
1.266256 0.661458 0.002028
1.376442 0.612839 0.002202
1.554752 0.534164 0.002475
1.366182 0.617384 0.002175
1.604460 0.512241 0.002551
