-0.535700 -0.153552 0.817559
-0.535700 -0.153552 0.817559
-0.538984 -0.162740 0.823745
-0.325510 0.270994 0.505309
-0.325510 0.270994 0.505309
-0.538852 -0.165321 0.825399
-0.543100 -0.174915 0.832179
-0.532506 -0.154051 0.817332
-0.542764 -0.177144 0.833280
-0.540285 -0.172547 0.830168
-0.532075 -0.155749 0.818160
-0.532236 -0.157223 0.818836
-0.535677 -0.165425 0.824904
-0.535677 -0.165425 0.824904
-0.529798 -0.156105 0.817908
-0.533663 -0.165476 0.824616
-0.319719 0.265349 0.507506
-0.574775 -0.273231 0.900612
-0.527629 -0.192052 0.840488
-0.312099 0.266206 0.505426
-0.441974 -0.043543 0.731717
-0.452770 -0.072102 0.751406
-0.450232 -0.070625 0.749890
-0.448999 -0.071728 0.750817
-0.437774 -0.052604 0.736418
-0.444066 -0.069621 0.747666
-0.369031 0.096603 0.628766
-0.369031 0.096603 0.628766
-0.421455 -0.024673 0.715831
-0.416281 -0.015590 0.709050
-0.495357 -0.201182 0.839748
-0.411517 -0.012556 0.706026
-0.403336 0.002926 0.694901
-0.402883 0.003964 0.694372
-0.428113 -0.057631 0.737497
-0.431879 -0.068357 0.745050
-0.390042 0.027790 0.676737
-0.393986 0.017934 0.683636
-0.392819 0.019878 0.681928
-0.399730 0.003863 0.693564
-0.424649 -0.055909 0.735656
-0.384517 0.035029 0.671238
-0.381022 0.042233 0.665605
-0.378806 0.047133 0.662325
-0.377447 0.048079 0.661275
-0.385298 0.029308 0.674617
-0.377218 0.047441 0.661828
-0.366566 0.068053 0.646557
-0.361865 0.077460 0.639729
-0.473917 -0.187842 0.827841
-0.364522 0.069182 0.645480
-0.470357 -0.181541 0.823046
-0.362144 0.072633 0.642784
-0.352767 0.091177 0.629286
-0.347815 0.099032 0.623407
-0.461913 -0.184661 0.823662
-0.331280 0.129306 0.601133
-0.329658 0.130749 0.599969
-0.318846 0.156453 0.581804
-0.324427 0.141822 0.592167
-0.321949 0.147325 0.588164
-0.405379 -0.059710 0.735080
-0.320592 0.145174 0.588932
-0.319751 0.144727 0.589081
-0.455691 -0.190402 0.826412
-0.311472 0.160765 0.577180
-0.306502 0.169918 0.570609
-0.309961 0.160917 0.576821
-0.304820 0.173696 0.567886
-0.266410 0.269422 0.496668
-0.263586 0.275330 0.491978
-0.256479 0.293094 0.478194
-0.302944 0.175244 0.566293
-0.403689 -0.074077 0.743780
-0.262880 0.275766 0.491481
-0.265494 0.268669 0.496961
-0.266371 0.265996 0.498924
-0.265207 0.267865 0.497316
-0.265746 0.266383 0.498405
-0.255947 0.290626 0.479393
-0.298689 0.182532 0.560841
-0.261840 0.274641 0.491947
-0.256574 0.287273 0.482129
-0.442087 -0.178838 0.816382
-0.261955 0.273164 0.493392
-0.294751 0.188111 0.556396
-0.260519 0.275284 0.491663
-0.257602 0.280829 0.486889
-0.290044 0.196522 0.550413
-0.286319 0.201988 0.545882
-0.254116 0.285162 0.483398
-0.286991 0.197039 0.549254
-0.279844 0.215601 0.535905
-0.270856 0.238124 0.519411
-0.279568 0.214014 0.536758
-0.275106 0.223398 0.529709
-0.269809 0.236176 0.520457
-0.388829 -0.069200 0.738424
-0.268414 0.238752 0.518500
-0.267487 0.240296 0.517279
-0.270702 0.230178 0.524376
-0.261035 0.255600 0.505863
-0.269564 0.229810 0.524259
-0.267028 0.235123 0.520547
-0.259652 0.254872 0.506145
-0.263243 0.244465 0.513458
-0.265271 0.237182 0.518616
-0.264523 0.238061 0.517947
-0.264523 0.238061 0.517947
-0.255537 0.262076 0.500369
-0.257209 0.255986 0.504609
-0.264422 0.234895 0.519787
-0.255909 0.257579 0.503118
-0.251865 0.269318 0.494908
-0.262229 0.239912 0.516627
-0.250787 0.270703 0.493607
-0.250098 0.272292 0.492399
-0.252481 0.264956 0.497640
-0.262139 0.238363 0.517522
-0.261460 0.239145 0.516886
-0.250057 0.269045 0.494454
-0.248094 0.273097 0.491306
-0.248094 0.273097 0.491306
-0.248283 0.271914 0.491902
-0.374315 -0.061467 0.730833
-0.244454 0.281650 0.484697
-0.248065 0.271027 0.492711
-0.247203 0.273390 0.490893
-0.246857 0.272717 0.491122
-0.258833 0.239032 0.516455
-0.243714 0.280478 0.485267
-0.349560 -0.002836 0.688904
-0.244646 0.277015 0.487621
-0.248901 0.262902 0.498222
-0.251222 0.255825 0.503081
-0.242061 0.281626 0.483959
-0.242308 0.281037 0.484498
-0.258546 0.235905 0.518304
-0.246396 0.268775 0.493838
-0.244867 0.272074 0.491165
-0.259289 0.231282 0.521783
-0.252788 0.248041 0.508569
-0.252788 0.248041 0.508569
-0.255766 0.239630 0.515736
-0.255432 0.238492 0.516311
-0.244496 0.268076 0.494025
-0.240524 0.278618 0.485841
-0.243395 0.270157 0.492128
-0.238646 0.282203 0.482899
-0.237678 0.284767 0.480965
-0.251600 0.239169 0.515281
-0.234641 0.282990 0.481674
-0.232678 0.283286 0.481437
-0.375130 -0.111294 0.762805
-0.248235 0.237185 0.516061
-0.246421 0.240841 0.513711
-0.245194 0.238898 0.514780
-0.353723 -0.064995 0.729079
-0.243338 0.239714 0.513776
-0.343856 -0.065697 0.728362
-0.220640 0.285348 0.477990
-0.361997 -0.125783 0.769231
-0.372698 -0.160047 0.792107
-0.234105 0.238114 0.513556
-0.231837 0.241509 0.511209
-0.228514 0.239894 0.511633
-0.226646 0.240821 0.510753
-0.257244 0.146382 0.578488
-0.248542 0.171050 0.560950
-0.326944 -0.066732 0.725863
-0.387067 -0.258098 0.855608
-0.241949 0.182660 0.552422
-0.223210 0.238463 0.511611
-0.241162 0.181683 0.552904
-0.242003 0.178657 0.555131
-0.220130 0.241901 0.509239
-0.236820 0.185354 0.549984
-0.217428 0.242156 0.508533
-0.202411 0.287151 0.474140
-0.312774 -0.064741 0.721681
-0.226520 0.198491 0.539834
-0.307932 -0.062465 0.719568
-0.307932 -0.062465 0.719568
-0.360552 -0.232312 0.835601
-0.360552 -0.232312 0.835601
-0.221239 0.202630 0.536009
-0.207769 0.241583 0.507621
-0.204319 0.243354 0.506118
-0.203091 0.243245 0.506084
-0.202181 0.242748 0.506211
-0.207511 0.210764 0.528656
-0.183226 0.286968 0.471038
-0.226101 0.131849 0.583342
-0.191909 0.242222 0.504927
-0.278504 -0.064678 0.715607
-0.178545 0.286456 0.470758
-0.190409 0.242154 0.504699
-0.188931 0.242144 0.504519
-0.325159 -0.245733 0.836839
-0.184745 0.243163 0.503425
-0.183786 0.241439 0.504274
-0.182034 0.240938 0.504162
-0.212973 0.124459 0.585924
-0.176216 0.241950 0.502902
-0.163346 0.287488 0.467510
-0.171743 0.240125 0.503118
-0.198599 0.131814 0.579025
-0.168587 0.240723 0.502356
-0.166771 0.241735 0.501736
-0.165027 0.240226 0.502071
-0.164274 0.241223 0.501660
-0.210960 0.050906 0.631191
-0.235645 -0.063003 0.706030
-0.234462 -0.064240 0.706808
-0.158037 0.243972 0.499256
-0.146618 0.287449 0.464722
-0.150483 0.243995 0.497965
-0.150483 0.243995 0.497965
-0.148093 0.242098 0.498520
-0.145932 0.240341 0.499475
-0.187438 0.021192 0.644740
-0.139829 0.240152 0.498299
-0.136082 0.243700 0.495720
-0.127441 0.285901 0.462563
-0.142501 0.210099 0.519348
-0.141462 0.210327 0.519101
-0.176587 0.030507 0.636848
-0.132882 0.243912 0.495214
-0.132988 0.241530 0.496552
-0.132226 0.243439 0.495485
-0.173700 0.032794 0.635016
-0.172003 0.039302 0.630723
-0.130406 0.243658 0.495025
-0.169838 0.037545 0.631807
-0.129071 0.242149 0.495619
-0.129110 0.239892 0.496479
-0.136308 0.203479 0.522715
-0.119031 0.288590 0.459625
-0.119031 0.288590 0.459625
-0.166429 0.036875 0.631364
-0.166429 0.036875 0.631364
-0.183050 -0.061311 0.694780
-0.124250 0.243819 0.494051
-0.108617 0.286673 0.458518
-0.115747 0.243552 0.492667
-0.114044 0.240518 0.494319
-0.110499 0.240897 0.493247
-0.109668 0.239580 0.493556
-0.107738 0.241666 0.492884
-0.106993 0.240987 0.492694
-0.105828 0.243592 0.491386
-0.173533 -0.168297 0.757985
-0.105066 0.241827 0.491807
-0.104906 0.242822 0.491287
-0.168700 -0.146623 0.743729
-0.096159 0.285475 0.457376
-0.164178 -0.154570 0.747642
-0.100018 0.240925 0.491394
-0.098763 0.240644 0.491655
-0.098086 0.241152 0.491045
-0.089295 0.285570 0.456268
-0.093545 0.240363 0.490356
-0.154376 -0.169957 0.755192
-0.153604 -0.171869 0.756529
-0.153604 -0.171869 0.756529
-0.085826 0.285521 0.455364
-0.085826 0.285521 0.455364
-0.090960 0.241018 0.490103
-0.087360 0.238520 0.490283
-0.085962 0.241201 0.488811
-0.085310 0.240159 0.489562
-0.079362 0.285100 0.454326
-0.141225 -0.172505 0.754075
-0.084867 0.238734 0.490196
-0.084255 0.239913 0.489352
-0.078745 0.283421 0.455217
-0.072579 0.338139 0.409368
-0.076906 0.285846 0.453524
-0.076846 0.285875 0.453632
-0.081557 0.242268 0.487673
-0.134639 -0.196223 0.767622
-0.073385 0.284948 0.453705
-0.070931 0.282732 0.454701
-0.070609 0.283522 0.454839
-0.074842 0.239533 0.487760
-0.073369 0.239499 0.487470
-0.073221 0.240736 0.487022
-0.073221 0.240736 0.487022
-0.068552 0.283310 0.453586
-0.068860 0.280087 0.456708
-0.069124 0.274466 0.460965
-0.069124 0.274466 0.460965
-0.109331 -0.059823 0.678351
-0.069203 0.267291 0.466367
-0.068398 0.273528 0.461955
-0.069139 0.265912 0.468233
-0.071957 0.236489 0.489614
-0.067830 0.274778 0.460888
-0.067356 0.278899 0.457265
-0.068174 0.270759 0.464536
-0.071109 0.241503 0.486034
-0.069137 0.259510 0.472948
-0.106737 -0.059826 0.677836
-0.070950 0.239507 0.487324
-0.068204 0.264837 0.468834
-0.068078 0.259802 0.472823
-0.068078 0.259802 0.472823
-0.066904 0.271976 0.463549
-0.067811 0.260950 0.472090
-0.069355 0.242542 0.485263
-0.067874 0.256679 0.475668
-0.103556 -0.053356 0.672682
-0.067454 0.259310 0.473183
-0.077778 0.165610 0.535894
-0.069271 0.239384 0.487300
-0.078400 0.158143 0.540412
-0.077377 0.163486 0.536876
-0.078872 0.149053 0.545703
-0.072169 0.203461 0.511559
-0.074406 0.183236 0.524052
-0.077740 0.154395 0.542413
-0.072227 0.201088 0.513096
-0.073172 0.188526 0.521226
-0.073627 0.181835 0.525373
-0.081244 0.113890 0.567370
-0.072325 0.188036 0.521454
-0.081437 0.102039 0.574273
-0.081437 0.102039 0.574273
-0.082607 0.088038 0.582940
-0.087779 0.020531 0.624870
-0.090150 -0.001922 0.638493
-0.096061 -0.057477 0.673479
-0.089232 0.002520 0.635289
-0.093376 -0.041869 0.663637
-0.078063 0.102652 0.573742
-0.089187 -0.007423 0.642097
-0.083138 0.042134 0.610736
-0.089284 -0.017733 0.648376
-0.092248 -0.046108 0.666061
-0.085031 0.018187 0.625640
-0.078949 0.076910 0.589510
-0.084771 0.017559 0.626127
-0.083091 0.034747 0.615485
-0.085642 0.000327 0.636588
-0.086066 -0.006324 0.640741
-0.091339 -0.057270 0.672977
-0.088574 -0.034701 0.658553
-0.086129 -0.010411 0.643511
-0.086693 -0.020463 0.649262
-0.089546 -0.051558 0.669039
-0.087985 -0.036785 0.659671
-0.082641 0.013001 0.629524
-0.087689 -0.058754 0.673785
-0.052375 0.301510 0.436226
-0.053137 0.285344 0.449403
-0.052946 0.283900 0.450858
-0.052866 0.277363 0.456056
-0.052795 0.269161 0.462668
-0.051856 0.282577 0.451643
-0.051856 0.282577 0.451643
-0.052437 0.270066 0.461730
-0.052257 0.271926 0.460421
-0.052238 0.271998 0.460428
-0.051194 0.282881 0.450570
-0.051447 0.269653 0.461724
-0.051447 0.269653 0.461724
-0.083116 -0.065333 0.676231
-0.069729 0.066699 0.593327
-0.069565 0.065544 0.593959
-0.049458 0.267080 0.464222
-0.049369 0.268141 0.463224
-0.060851 -0.137584 0.715934
-0.061232 -0.146312 0.721395
-0.060616 -0.143346 0.719402
-0.066090 -0.235702 0.777933
-0.059318 -0.139213 0.716793
-0.062126 -0.201547 0.755798
-0.064067 -0.238671 0.779383
-0.064067 -0.238671 0.779383
-0.058573 -0.158958 0.728893
-0.063199 -0.231818 0.775203
-0.060695 -0.193207 0.750415
-0.062800 -0.226559 0.771747
-0.056457 -0.135410 0.713751
-0.059191 -0.184010 0.744354
-0.061322 -0.219318 0.766779
-0.062746 -0.246640 0.784387
-0.059354 -0.203718 0.756758
-0.059795 -0.218590 0.766073
-0.059795 -0.218590 0.766073
-0.058267 -0.187194 0.746352
-0.061211 -0.243408 0.781978
-0.055236 -0.146592 0.720304
-0.054819 -0.149872 0.722031
-0.056591 -0.182651 0.743032
-0.056320 -0.186218 0.745187
-0.057593 -0.216277 0.763948
-0.057593 -0.216277 0.763948
-0.058689 -0.232184 0.774459
-0.053237 -0.147863 0.720556
-0.052728 -0.146114 0.719395
-0.058520 -0.243406 0.781367
-0.054810 -0.182866 0.742754
-0.052821 -0.152102 0.723110
-0.055489 -0.221097 0.766746
-0.052429 -0.181688 0.741399
-0.012211 0.296184 0.429723
-0.009945 0.296326 0.429033
-0.009945 0.296326 0.429033
-0.009481 0.295661 0.429202
-0.007672 0.296812 0.428632
-0.007672 0.296812 0.428632
-0.007351 0.295436 0.428763
0.026363 0.286844 0.426762
0.031762 0.290767 0.425046
0.035595 0.288337 0.426252
0.035306 0.291381 0.423071
0.036639 0.287736 0.426623
0.038786 0.276707 0.442677
0.039503 0.274798 0.444006
0.038693 0.284492 0.431057
0.040454 0.278673 0.440775
0.039605 0.283351 0.432031
0.041364 0.275499 0.443427
0.041847 0.275308 0.444352
0.041652 0.279275 0.436409
0.041485 0.283902 0.430108
0.045381 0.259817 0.458227
0.045500 0.261146 0.458049
0.045687 0.261455 0.457009
0.045955 0.263637 0.458152
0.043490 0.279509 0.437948
0.043490 0.279509 0.437948
0.047152 0.243778 0.468755
0.048042 0.239939 0.467812
0.047867 0.255211 0.461461
0.048583 0.244334 0.466873
0.049315 0.243847 0.467315
0.050871 0.242283 0.467347
0.051157 0.243037 0.467369
0.051157 0.243037 0.467369
0.050904 0.261372 0.458251
0.051597 0.243661 0.466893
0.054458 0.225260 0.473944
0.055000 0.204455 0.482345
0.054221 0.245609 0.465093
0.056347 0.190983 0.488247
0.055857 0.225649 0.474168
0.055138 0.259099 0.458189
0.056344 0.212454 0.479195
0.056752 0.201222 0.484125
0.056627 0.206980 0.481304
0.056466 0.258750 0.457866
0.058209 0.194145 0.486970
0.058177 0.196390 0.486087
0.058258 0.195819 0.486557
0.058048 0.202451 0.482824
0.058041 0.208000 0.480843
0.058880 0.194441 0.486415
0.061250 0.170272 0.499895
0.061250 0.170272 0.499895
0.060593 0.195849 0.486507
0.060768 0.194767 0.486203
0.062490 0.174682 0.496097
0.061331 0.207343 0.479487
0.061769 0.200859 0.483306
0.061979 0.196289 0.485951
0.064818 0.159403 0.503124
0.064878 0.160482 0.503095
0.064048 0.184692 0.490727
0.063640 0.195541 0.484700
0.063797 0.200781 0.482588
0.066394 0.169542 0.498972
0.066469 0.178365 0.493290
0.065702 0.196301 0.484746
0.066580 0.195722 0.484639
0.070676 0.139204 0.514237
0.070388 0.150145 0.508090
0.072288 0.128302 0.521229
0.070326 0.159407 0.502979
0.072613 0.129482 0.520473
0.070969 0.162048 0.501407
0.072626 0.137012 0.515253
0.071700 0.160434 0.502032
0.071700 0.160434 0.502032
0.073194 0.138154 0.514727
0.073171 0.143187 0.511739
0.073171 0.143187 0.511739
0.072316 0.159422 0.502161
0.075313 0.128070 0.520479
0.075261 0.130574 0.519032
0.077982 0.099155 0.537198
0.077976 0.099124 0.537176
0.075667 0.128712 0.520058
0.076509 0.130031 0.519129
0.076509 0.130031 0.519129
0.079579 0.093084 0.540733
0.078825 0.105755 0.533244
0.076411 0.142117 0.511862
0.076692 0.140632 0.512507
0.080488 0.090449 0.541619
0.078066 0.123028 0.522714
0.079840 0.103608 0.534082
0.080158 0.112477 0.528622
0.078457 0.138216 0.513429
0.080971 0.106101 0.532398
0.082164 0.091268 0.541039
0.079334 0.130112 0.518307
0.080666 0.117164 0.525606
0.081532 0.116200 0.526152
0.083148 0.096745 0.537536
0.081616 0.118054 0.524706
0.081616 0.118054 0.524706
0.082880 0.101523 0.534671
0.082762 0.106065 0.532163
0.084961 0.088682 0.542276
0.081482 0.138817 0.512839
0.085522 0.089196 0.541565
0.088886 0.052179 0.564089
0.089786 0.055897 0.561232
0.086756 0.094466 0.538191
0.086756 0.094466 0.538191
0.086676 0.100767 0.534494
0.088575 0.092199 0.539128
0.088731 0.090940 0.539990
0.091938 0.055818 0.560968
0.090503 0.070296 0.551405
0.091939 0.065080 0.555075
0.094003 0.065418 0.554572
0.088525 0.130174 0.514598
0.095595 0.059921 0.557806
0.089328 0.129363 0.514611
0.097348 0.047080 0.565209
0.095358 0.101894 0.531723
0.095293 0.102834 0.531247
